%YAML:1.0
calibration_time: "Friday, August 19, 2016 AM05:31:39 HKT"
nframes: 10
image_width: 640
image_height: 480
board_width: 4
board_height: 5
square_size: 2.5000000372529030e-02
flags: 0
camera_matrix: !!opencv-matrix
   rows: 3
   cols: 3
   dt: d
   data: [ 4.4959173648705729e+02, 0., 2.9966560802588180e+02, 0.,
       4.7852763844406206e+02, 1.5670599945459011e+02, 0., 0., 1. ]
distortion_coefficients: !!opencv-matrix
   rows: 5
   cols: 1
   dt: d
   data: [ -1.8739190677375236e-01, -8.0490813561538888e-01,
       2.8109679133587910e-02, -1.8819099640945691e-03,
       1.9384891723133160e+00 ]
avg_reprojection_error: 2.9542856818546298e-01
per_view_reprojection_errors: !!opencv-matrix
   rows: 10
   cols: 1
   dt: f
   data: [ 3.55203480e-01, 3.71324986e-01, 2.85463631e-01,
       2.87333488e-01, 2.66667038e-01, 2.30133653e-01, 3.62009317e-01,
       3.58608007e-01, 2.23926514e-01, 1.03982009e-01 ]
# a set of 6-tuples (rotation vector + translation vector) for each view
extrinsic_parameters: !!opencv-matrix
   rows: 10
   cols: 6
   dt: d
   data: [ 5.7795901496206059e-01, -2.7986300275950510e-01,
       1.4558396802035094e+00, 6.8447539107761565e-02,
       7.5914645713772502e-02, 5.2333781563700632e-01,
       6.7997751251147343e-01, -1.9125034790614354e-01,
       1.4444692219161224e+00, 1.0524332838591062e-01,
       7.4835906245758643e-02, 4.8951492162145188e-01,
       7.5136876597588598e-01, -1.9769179307683843e-01,
       1.4493552250348098e+00, 1.1173606281401670e-01,
       4.9175637648182481e-02, 4.4762099199050159e-01,
       7.0424313726226573e-01, -5.3435930643511198e-01,
       1.5020600268723525e+00, 7.9335209887097788e-02,
       2.3129523153576491e-02, 3.0070903286585915e-01,
       5.3845248530224221e-01, -3.3789972806551388e-01,
       1.5137961447451376e+00, 6.4557638661409941e-02,
       6.0492174065190599e-02, 3.3628140627994080e-01,
       3.7210165193184308e-01, -4.9027077950139275e-01,
       1.5499482522632471e+00, -1.3699912987589007e-02,
       7.7240347245908156e-02, 4.1121152118077614e-01,
       4.1246159806855709e-01, -4.1312639740373647e-01,
       1.4064582246961026e+00, -6.9504661625677672e-02,
       9.5169192908676370e-02, 4.8306558861294641e-01,
       7.9689512847036414e-01, -2.4809520467594154e-01,
       1.4309387243656118e+00, 8.1542011139245960e-02,
       -8.8938499400149657e-03, 3.4287592254951615e-01,
       8.1968225133351014e-01, -2.5876888372044859e-01,
       1.5125769419587396e+00, 6.8700231670092857e-02,
       2.2592922190051538e-02, 2.9185815010602534e-01,
       7.1888751795453631e-01, -3.1129543422426675e-01,
       1.5475386868462848e+00, 3.5935607201152180e-02,
       5.1407263354843351e-02, 2.2848464590692830e-01 ]
image_points: !!opencv-matrix
   rows: 10
   cols: 20
   dt: "2f"
   data: [ 3.58536072e+02, 2.26799225e+02, 3.59047607e+02,
       2.43671356e+02, 3.60550568e+02, 2.60527191e+02, 3.60679840e+02,
       2.75780914e+02, 3.37060028e+02, 2.26055374e+02, 3.38502686e+02,
       2.43477234e+02, 3.39798126e+02, 2.59685547e+02, 3.40910858e+02,
       2.75484039e+02, 3.16335388e+02, 2.25693970e+02, 3.17626587e+02,
       2.43433456e+02, 3.20448914e+02, 2.59524445e+02, 3.21573273e+02,
       2.75209229e+02, 2.95487732e+02, 2.25428940e+02, 2.98023834e+02,
       2.42414749e+02, 2.99924072e+02, 2.58896027e+02, 3.02499664e+02,
       2.73621643e+02, 2.75078644e+02, 2.25422943e+02, 2.77695648e+02,
       2.41729813e+02, 2.80757538e+02, 2.57559814e+02, 2.83585968e+02,
       2.73492645e+02, 3.95476044e+02, 2.29588028e+02, 3.96462799e+02,
       2.48415222e+02, 3.96529022e+02, 2.65557037e+02, 3.96813293e+02,
       2.81886383e+02, 3.73145294e+02, 2.28604736e+02, 3.74549225e+02,
       2.46658829e+02, 3.75500977e+02, 2.63641907e+02, 3.76536133e+02,
       2.79463409e+02, 3.50577515e+02, 2.27499893e+02, 3.53089386e+02,
       2.44949402e+02, 3.54470886e+02, 2.61491425e+02, 3.56267212e+02,
       2.78031006e+02, 3.29519745e+02, 2.25658615e+02, 3.32345062e+02,
       2.43606689e+02, 3.33752655e+02, 2.60185242e+02, 3.36504883e+02,
       2.75534668e+02, 3.08457367e+02, 2.23575607e+02, 3.11492676e+02,
       2.41589554e+02, 3.14253815e+02, 2.57602722e+02, 3.16920135e+02,
       2.74172272e+02, 4.10493286e+02, 2.09461273e+02, 4.10655762e+02,
       2.29309647e+02, 4.10728455e+02, 2.47554077e+02, 4.10733185e+02,
       2.64642334e+02, 3.86189972e+02, 2.07010361e+02, 3.86732513e+02,
       2.26620361e+02, 3.88310059e+02, 2.44615570e+02, 3.88579224e+02,
       2.61804169e+02, 3.62629211e+02, 2.04863449e+02, 3.63888611e+02,
       2.24434235e+02, 3.65508087e+02, 2.41717972e+02, 3.66798981e+02,
       2.58813690e+02, 3.39215057e+02, 2.02439484e+02, 3.40986298e+02,
       2.21544907e+02, 3.43492371e+02, 2.39308350e+02, 3.45741913e+02,
       2.56329376e+02, 3.16337067e+02, 1.99601593e+02, 3.19439850e+02,
       2.18608810e+02, 3.22211731e+02, 2.36715332e+02, 3.25019684e+02,
       2.53516922e+02, 4.16316376e+02, 1.93775955e+02, 4.10719299e+02,
       2.18272858e+02, 4.05706177e+02, 2.39592392e+02, 4.01187195e+02,
       2.59401978e+02, 3.80323395e+02, 1.91355606e+02, 3.76428345e+02,
       2.15514206e+02, 3.73125458e+02, 2.37402191e+02, 3.69665955e+02,
       2.57513000e+02, 3.43333313e+02, 1.88376556e+02, 3.41946075e+02,
       2.12963226e+02, 3.40313507e+02, 2.35351791e+02, 3.38508209e+02,
       2.54654831e+02, 3.06625153e+02, 1.85798447e+02, 3.06686157e+02,
       2.09789322e+02, 3.07216003e+02, 2.32352615e+02, 3.07534210e+02,
       2.51740204e+02, 2.70526825e+02, 1.83491241e+02, 2.72668762e+02,
       2.07555542e+02, 2.74507294e+02, 2.29555801e+02, 2.76642273e+02,
       2.49680588e+02, 3.85419128e+02, 2.43341782e+02, 3.82841034e+02,
       2.68712555e+02, 3.81384735e+02, 2.91770355e+02, 3.79008606e+02,
       3.13586548e+02, 3.52350586e+02, 2.41716492e+02, 3.51514801e+02,
       2.67403168e+02, 3.50651947e+02, 2.90711670e+02, 3.50216370e+02,
       3.11984406e+02, 3.19315582e+02, 2.39803284e+02, 3.20138550e+02,
       2.65594299e+02, 3.20538239e+02, 2.89331665e+02, 3.20684143e+02,
       3.10501495e+02, 2.87020996e+02, 2.38480789e+02, 2.88477600e+02,
       2.63567444e+02, 2.90462982e+02, 2.87255463e+02, 2.92546600e+02,
       3.08726746e+02, 2.54849030e+02, 2.37018890e+02, 2.57761444e+02,
       2.61892639e+02, 2.60661804e+02, 2.85459930e+02, 2.63555450e+02,
       3.06527954e+02, 2.84596344e+02, 2.47485550e+02, 2.84304108e+02,
       2.68750305e+02, 2.83356659e+02, 2.88474030e+02, 2.82665833e+02,
       3.07070953e+02, 2.56828857e+02, 2.47620911e+02, 2.57294128e+02,
       2.69293579e+02, 2.57689636e+02, 2.89081696e+02, 2.58293640e+02,
       3.07367767e+02, 2.29668945e+02, 2.47741013e+02, 2.30706299e+02,
       2.69448792e+02, 2.32440903e+02, 2.89302948e+02, 2.33226593e+02,
       3.07429443e+02, 2.02253555e+02, 2.47759018e+02, 2.04493942e+02,
       2.69426727e+02, 2.06513840e+02, 2.89309021e+02, 2.08476349e+02,
       3.07479309e+02, 1.75581589e+02, 2.47840149e+02, 1.78511002e+02,
       2.69439270e+02, 1.81407761e+02, 2.89252411e+02, 1.84112335e+02,
       3.07478088e+02, 2.35089828e+02, 2.51825485e+02, 2.39385513e+02,
       2.69469116e+02, 2.43721481e+02, 2.86560608e+02, 2.47731537e+02,
       3.03097809e+02, 2.12416748e+02, 2.53604111e+02, 2.17631317e+02,
       2.72298828e+02, 2.22423447e+02, 2.89402557e+02, 2.26843887e+02,
       3.04695343e+02, 1.90528091e+02, 2.56556763e+02, 1.95722824e+02,
       2.73807861e+02, 2.01397949e+02, 2.90742645e+02, 2.06771408e+02,
       3.06945343e+02, 1.69424301e+02, 2.59404022e+02, 1.75256012e+02,
       2.76531097e+02, 1.81296143e+02, 2.93365479e+02, 1.86566803e+02,
       3.08419159e+02, 1.48357956e+02, 2.60810242e+02, 1.54775787e+02,
       2.77977417e+02, 1.61175629e+02, 2.94573914e+02, 1.66810745e+02,
       3.09479584e+02, 4.04755127e+02, 1.45516617e+02, 4.06122986e+02,
       1.71639008e+02, 4.06638672e+02, 1.95472992e+02, 4.07349182e+02,
       2.18520172e+02, 3.73488647e+02, 1.42868011e+02, 3.75891510e+02,
